96	301.01248275862065	1	1
96	285.5777586206896	2	1
96	290.70703448275873	4	1
112	334.64090000000004	1	1
112	326.4615172413792	2	1
112	321.09413793103454	4	1
128	365.5951724137932	1	1
128	357.73913333333337	2	1
128	351.75765517241376	4	1
144	398.49206896551726	1	1
144	384.62903448275864	2	1
144	387.1347931034483	4	1
160	430.35931034482763	1	1
160	422.94882758620685	2	1
160	420.2311034482759	4	1
176	470.47258620689655	1	1
176	450.0288965517243	2	1
176	458.5831333333334	4	1
192	494.7524827586208	1	1
192	474.24982758620683	2	1
192	485.5498999999999	4	1
208	531.4781379310346	1	1
208	520.0101379310346	2	1
208	507.55110344827597	4	1
224	571.3851999999999	1	1
224	532.3926551724137	2	1
224	546.1503666666666	4	1
256	632.8266999999998	1	1
256	611.5082758620689	2	1
256	603.0181379310344	4	1
384	861.1810344827585	1	1
384	869.4146333333334	2	1
384	859.8446206896551	4	1
512	1007.9288333333334	1	1
512	1115.9524137931035	2	1
512	1276.671724137931	4	1
640	1067.6058620689655	1	1
640	1361.8600000000001	2	1
640	1341.5024137931034	4	1
768	1148.8175862068965	1	1
768	1637.1837931034481	2	1
768	1603.4865517241376	4	1
896	1111.7627586206897	1	1
896	1720.9441379310344	2	1
896	1796.3927586206898	4	1
1024	1204.9696551724137	1	1
1024	1756.030344827586	2	1
1024	1738.304137931035	4	1
1152	1226.6020689655174	1	1
1152	1738.803103448276	2	1
1152	1801.9006896551723	4	1
1280	1264.879	1	1
1280	1805.5855172413796	2	1
1280	1703.1758620689652	4	1
1488	1278.4013793103447	1	1
1488	1888.368620689655	2	1
1488	1736.0251724137925	4	1
1504	1254.883448275862	1	1
1504	1700.2251724137934	2	1
1504	1773.5775862068965	4	1
1520	1290.321034482759	1	1
1520	1847.7883333333334	2	1
1520	1883.4162068965518	4	1
1536	1309.1820689655171	1	1
1536	1821.418965517241	2	1
1536	1922.833448275862	4	1
1552	1219.9410344827584	1	1
1552	1889.0617241379314	2	1
1552	1782.5113793103446	4	1
1568	1293.5644827586204	1	1
1568	1778.7593103448276	2	1
1568	1861.9543333333334	4	1
1584	1308.043103448276	1	1
1584	1836.5727586206895	2	1
1584	1861.6931034482761	4	1
1600	1301.458275862069	1	1
1600	1846.3065517241384	2	1
1600	1870.4589655172413	4	1
1616	1315.680689655172	1	1
1616	1847.6996551724135	2	1
1616	1864.8593103448277	4	1
1632	1327.7589655172414	1	1
1632	1852.9646666666665	2	1
1632	1915.3586206896557	4	1
1648	1334.1824137931035	1	1
1648	1815.50724137931	2	1
1648	1850.6106896551726	4	1
1664	1340.6955172413793	1	1
1664	1929.343103448276	2	1
1664	1917.7416666666672	4	1
1680	1326.166551724138	1	1
1680	1824.591379310345	2	1
1680	1831.2131034482757	4	1
1696	1329.9575862068962	1	1
1696	1847.2175862068964	2	1
1696	1892.5003333333334	4	1
1712	1353.289310344828	1	1
1712	1884.8451724137926	2	1
1712	1835.1696551724142	4	1
1728	1367.985172413793	1	1
1728	1889.5544827586216	2	1
1728	1815.4769999999999	4	1
1744	1350.2486206896554	1	1
1744	1790.6743333333332	2	1
1744	1786.8327586206894	4	1
1760	1194.9482758620686	1	1
1760	1792.2244827586203	2	1
1760	1897.7634482758624	4	1
1776	1267.7865517241378	1	1
1776	1815.1668965517242	2	1
1776	1839.2323333333336	4	1
1792	1305.350344827586	1	1
1792	1741.1855172413793	2	1
1792	1816.3544827586209	4	1
1808	1255.9831034482756	1	1
1808	1873.8731034482757	2	1
1808	1842.4089655172415	4	1
1824	1321.8824137931035	1	1
1824	1954.0241379310346	2	1
1824	1858.8817241379309	4	1
1840	1224.7800000000002	1	1
1840	1810.5282758620694	2	1
1840	1875.5493103448275	4	1
1856	1305.9499999999998	1	1
1856	1826.3320689655175	2	1
1856	1790.832666666667	4	1
1872	1088.5157586206897	1	1
1872	500.6769000000001	2	1
1872	524.2655666666667	4	1
1888	528.3788275862069	1	1
1888	538.917448275862	2	1
1888	1887.138666666666	4	1
1904	1321.023103448276	1	1
1904	1792.2770000000003	2	1
1904	1764.2993333333336	4	1
1920	1323.9243333333332	1	1
1920	1966.1120689655174	2	1
1920	1799.1203448275865	4	1
1936	1338.1137931034482	1	1
1936	1934.3858620689653	2	1
1936	1901.628620689655	4	1
1952	1336.878275862069	1	1
1952	1783.2465517241383	2	1
1952	1894.3103333333336	4	1
1968	1347.2948275862068	1	1
1968	1969.5475862068965	2	1
1968	1923.218275862069	4	1
1984	1356.3110344827587	1	1
1984	1879.1048275862067	2	1
1984	1797.1072413793106	4	1
2048	1348.9558620689656	1	1
2048	1811.3562068965518	2	1
2048	1876.6703448275862	4	1
2560	1353.6158620689657	1	1
2560	1808.7737931034483	2	1
2560	1794.1279310344828	4	1
3072	1320.5958620689655	1	1
3072	1784.3703448275867	2	1
3072	1901.5406896551724	4	1
3584	1369.4510344827584	1	1
3584	1877.7555172413795	2	1
3584	1854.1124137931033	4	1
4096	1462.5479310344826	1	1
4096	2020.4768965517246	2	1
4096	1984.6124137931038	4	1
4608	1317.6823333333334	1	1
4608	1786.3427586206892	2	1
4608	1909.1931034482761	4	1
5120	1443.9151724137926	1	1
5120	1934.3037931034482	2	1
5120	2007.5759999999998	4	1
5632	1425.6558620689657	1	1
5632	1996.8244827586207	2	1
5632	2025.002068965517	4	1
6144	1434.8137931034487	1	1
6144	1922.105862068966	2	1
6144	1924.6272413793106	4	1
6656	1514.506206896552	1	1
6656	1952.0675862068963	2	1
6656	2038.7173333333335	4	1
7168	1594.374827586207	1	1
7168	2025.5503448275863	2	1
7168	2030.3096666666672	4	1
7680	1569.6855172413793	1	1
7680	2019.6227586206899	2	1
7680	2100.626551724138	4	1
8192	1563.1020689655174	1	1
8192	1977.6996551724142	2	1
8192	2158.192068965518	4	1
8704	1616.4733333333331	1	1
8704	2037.144137931034	2	1
8704	2138.051	4	1
9216	1397.803448275862	1	1
9216	1913.0375862068963	2	1
9216	1866.4520689655176	4	1
12288	1520.2296551724141	1	1
12288	1919.462758620689	2	1
12288	1982.0562068965519	4	1
16384	1633.5651724137927	1	1
16384	1982.2359999999999	2	1
16384	2071.436333333334	4	1
20480	1658.7744827586207	1	1
20480	2037.7441379310344	2	1
20480	2107.526896551724	4	1
24576	1584.379655172414	1	1
24576	2033.8724137931035	2	1
24576	2017.9441379310347	4	1
28672	1653.6965517241376	1	1
28672	2136.0475862068965	2	1
28672	2063.8193333333334	4	1
32768	