96	293.16455172413794	1	1
96	295.28566666666666	1	2
96	298.52686206896544	1	8
96	290.6543793103448	2	1
96	297.1348275862068	2	2
96	295.0928275862069	2	8
96	289.7602666666668	3	1
96	292.2458965517241	3	2
96	293.33124137931026	3	8
96	289.0931379310345	4	1
96	288.7645666666667	4	2
96	296.2377931034482	4	8
96	282.14806896551727	8	1
96	290.759275862069	8	2
96	324.55524137931036	8	8
96	285.9512413793104	12	1
96	296.2523793103448	12	2
96	290.13429999999994	12	8
96	289.70962068965514	16	1
96	291.80062068965515	16	2
96	296.8715172413793	16	8
96	286.5056206896552	64	1
96	296.57831034482757	64	2
96	295.3862068965517	64	8
112	324.8542068965518	1	1
112	330.99739999999997	1	2
112	329.49931034482756	1	8
112	316.6057241379311	2	1
112	331.2362413793103	2	2
112	338.18620689655165	2	8
112	322.9998333333333	3	1
112	322.1034666666667	3	2
112	324.29017241379313	3	8
112	320.6942413793103	4	1
112	326.20624137931026	4	2
112	325.9071724137931	4	8
112	322.38769999999994	8	1
112	325.3585862068965	8	2
112	325.5823448275862	8	8
112	317.728724137931	12	1
112	326.2876896551724	12	2
112	325.6573103448276	12	8
112	318.8243793103448	16	1
112	331.29365517241376	16	2
112	328.0145862068966	16	8
112	319.12393103448284	64	1
112	320.6742413793104	64	2
112	326.22127586206904	64	8
128	360.3042333333334	1	1
128	364.39555172413793	1	2
128	362.0654482758622	1	8
128	352.88762068965514	2	1
128	354.6189310344828	2	2
128	356.06582758620686	2	8
128	345.3981333333333	3	1
128	357.56162068965523	3	2
128	364.72963333333337	3	8
128	352.01131034482745	4	1
128	358.70944827586214	4	2
128	359.2254827586207	4	8
128	350.0325172413793	8	1
128	357.97623333333325	8	2
128	353.8131379310345	8	8
128	353.741724137931	12	1
128	357.47386206896545	12	2
128	355.5830344827586	12	8
128	351.3580344827586	16	1
128	357.55486666666667	16	2
128	356.32700000000006	16	8
128	351.1781034482758	64	1
128	356.8416206896551	64	2
128	359.9503103448276	64	8
144	394.84724137931033	1	1
144	394.762551724138	1	2
144	392.88496551724126	1	8
144	389.61796666666663	2	1
144	391.8974333333334	2	2
144	382.9812	2	8
144	383.83348275862056	3	1
144	383.7238965517241	3	2
144	389.14200000000005	3	8
144	382.0095172413793	4	1
144	394.708551724138	4	2
144	396.3140689655172	4	8
144	381.2480344827587	8	1
144	387.8254482758622	8	2
144	390.17837931034484	8	8
144	386.78251724137914	12	1
144	385.9708620689655	12	2
144	397.4971666666667	12	8
144	388.7519310344829	16	1
144	389.5656666666666	16	2
144	386.9658275862068	16	8
144	378.6258275862069	64	1
144	388.72949999999986	64	2
144	397.2846206896552	64	8
160	427.63462068965526	1	1
160	433.7357931034483	1	2
160	438.42710344827583	1	8
160	411.06644827586206	2	1
160	421.33386666666667	2	2
160	422.4918666666668	2	8
160	422.45524137931034	3	1
160	426.90070000000003	3	2
160	418.7004827586207	3	8
160	411.2602666666667	4	1
160	420.35579999999993	4	2
160	423.72903333333335	4	8
160	410.49006896551725	8	1
160	422.37775862068963	8	2
160	421.2167931034483	8	8
160	409.68480000000005	12	1
160	427.2931034482758	12	2
160	420.1180689655171	12	8
160	418.31017241379317	16	1
160	424.1454482758621	16	2
160	419.8034666666667	16	8
160	409.6212068965517	64	1
160	430.60613793103454	64	2
160	419.489172413793	64	8
176	456.61690000000004	1	1
176	461.8351999999998	1	2
176	461.46903333333336	1	8
176	444.993551724138	2	1
176	455.1021034482758	2	2
176	453.11424137931056	2	8
176	448.78010344827584	3	1
176	454.63458620689664	3	2
176	458.25013333333334	3	8
176	443.9158275862069	4	1
176	452.66229999999996	4	2
176	458.2459666666666	4	8
176	445.90499999999986	8	1
176	457.2896896551725	8	2
176	456.19775862068974	8	8
176	452.0250344827586	12	1
176	454.61924137931044	12	2
176	458.13233333333335	12	8
176	444.2809655172415	16	1
176	456.83620689655174	16	2
176	452.7715862068967	16	8
176	451.67886206896543	64	1
176	447.69710344827587	64	2
176	460.17406896551734	64	8
192	494.6226896551725	1	1
192	496.14276666666666	1	2
192	551.2421379310346	1	8
192	477.9190333333333	2	1
192	516.8428666666667	2	2
192	484.6023448275862	2	8
192	482.1665172413792	3	1
192	484.5043666666668	3	2
192	486.4939999999999	3	8
192	480.3546551724138	4	1
192	497.0758275862069	4	2
192	482.9882068965518	4	8
192	475.4413103448274	8	1
192	492.8855666666667	8	2
192	488.0584333333332	8	8
192	481.1453448275861	12	1
192	484.69524137931035	12	2
192	491.21410344827586	12	8
192	478.20079310344823	16	1
192	486.9099310344828	16	2
192	483.3665517241379	16	8
192	474.93910344827594	64	1
192	481.3964137931035	64	2
192	487.72731034482774	64	8
208	594.6093448275863	1	1
208	526.1563103448275	1	2
208	526.3859	1	8
208	575.3316666666666	2	1
208	524.4669655172413	2	2
208	515.8524137931034	2	8
208	501.73279310344833	3	1
208	517.3296206896553	3	2
208	527.9832413793104	3	8
208	501.48537931034485	4	1
208	517.9223103448277	4	2
208	525.9231666666666	4	8
208	509.4722068965518	8	1
208	514.9716206896552	8	2
208	521.5573448275862	8	8
208	510.9770344827587	12	1
208	515.7518965517239	12	2
208	519.8732068965517	12	8
208	517.6345862068965	16	1
208	562.0473793103448	16	2
208	518.5616206896552	16	8
208	512.2687931034484	64	1
208	587.6779333333333	64	2
208	522.9119655172412	64	8
224	563.5719655172413	1	1
224	562.6945	1	2
224	566.253827586207	1	8
224	551.406448275862	2	1
224	555.197896551724	2	2
224	545.8386896551724	2	8
224	546.8302000000001	3	1
224	547.7068666666668	3	2
224	553.2822758620689	3	8
224	547.7628965517241	4	1
224	557.4508333333334	4	2
224	556.8375862068966	4	8
224	538.4496896551723	8	1
224	551.5441999999999	8	2
224	617.4958275862069	8	8
224	540.3297	12	1
224	545.4699999999998	12	2
224	564.0777931034484	12	8
224	544.5611724137932	16	1
224	554.0282333333332	16	2
224	549.5602068965516	16	8
224	544.0071379310344	64	1
224	552.0807931034482	64	2
224	554.8913103448275	64	8
256	625.7561034482759	1	1
256	628.4746999999999	1	2
256	624.2441034482758	1	8
256	607.9028275862067	2	1
256	617.2625172413793	2	2
256	615.4160333333333	2	8
256	597.291724137931	3	1
256	623.4816896551723	3	2
256	627.0723793103449	3	8
256	607.8083103448274	4	1
256	614.4882758620689	4	2
256	613.9420344827586	4	8
256	595.5383793103449	8	1
256	614.8724827586207	8	2
256	623.5583103448276	8	8
256	598.2611	12	1
256	615.6326551724137	12	2
256	608.5536896551725	12	8
256	600.1561034482758	16	1
256	613.3274666666665	16	2
256	617.9238275862068	16	8
256	599.9053793103448	64	1
256	614.102275862069	64	2
256	609.834379310345	64	8
384	868.4046000000001	1	1
384	862.4122758620689	1	2
384	917.3026551724139	1	8
384	849.4559310344828	2	1
384	942.9814827586208	2	2
384	849.4694827586208	2	8
384	842.6662413793101	3	1
384	881.0739310344827	3	2
384	856.8023793103449	3	8
384	845.9878620689657	4	1
384	912.4574137931033	4	2
384	870.059275862069	4	8
384	855.4512068965515	8	1
384	862.9377586206898	8	2
384	856.7483666666666	8	8
384	893.6107241379311	12	1
384	855.3601034482757	12	2
384	871.7997931034481	12	8
384	855.759103448276	16	1
384	866.5691379310344	16	2
384	854.2826206896553	16	8
384	858.6791034482759	64	1
384	860.8933793103448	64	2
384	866.7003000000002	64	8
512	1019.3508965517241	1	1
512	984.1948965517241	1	2
512	953.6780666666667	1	8
512	1120.1041379310345	2	1
512	1120.784827586207	2	2
512	1114.0813793103448	2	8
512	1101.6753333333331	3	1
512	1101.6093103448275	3	2
512	1087.9715333333336	3	8
512	1106.1448275862072	4	1
512	1106.467931034483	4	2
512	1093.8647666666666	4	8
512	1105.3210000000001	8	1
512	1125.2858620689656	8	2
512	1134.0380000000002	8	8
512	1113.6786206896552	12	1
512	1257.5079310344831	12	2
512	974.3308620689655	12	8
512	1030.7864999999997	16	1
512	1106.3365517241382	16	2
512	1106.14	16	8
512	1086.8162068965516	64	1
512	1104.648	64	2
512	1117.6886206896554	64	8
640	1090.1820689655174	1	1
640	1058.0562068965519	1	2
640	1020.1419999999997	1	8
640	1363.6565517241374	2	1
640	1371.5575862068968	2	2
640	1362.9203448275862	2	8
640	1360.898275862069	3	1
640	1371.4465517241379	3	2
640	1344.5773333333334	3	8
640	1347.9520689655174	4	1
640	1335.9437931034486	4	2
640	1348.1427586206896	4	8
640	1354.163793103448	8	1
640	1351.1339999999998	8	2
640	1351.0656666666666	8	8
640	1342.8182758620687	12	1
640	1360.4959999999999	12	2
640	1354.433448275862	12	8
640	1349.044827586207	16	1
640	1323.1526666666664	16	2
640	1339.9955172413795	16	8
640	1329.4362068965515	64	1
640	1332.0323333333333	64	2
640	1343.7265517241378	64	8
768	1175.1410344827586	1	1
768	1121.6337931034482	1	2
768	1082.273	1	8
768	1594.0165517241378	2	1
768	1552.1782758620689	2	2
768	1550.425172413793	2	8
768	1625.264482758621	3	1
768	1586.4783333333335	3	2
768	1582.8313333333333	3	8
768	1567.4206896551723	4	1
768	1600.9117241379308	4	2
768	1594.885862068965	4	8
768	1571.591034482759	8	1
768	1617.5024137931034	8	2
768	1560.731724137931	8	8
768	1579.3790000000001	12	1
768	1588.583793103448	12	2
768	1616.921724137931	12	8
768	1567.55275862069	16	1
768	1566.7727586206897	16	2
768	1587.3800000000006	16	8
768	1592.051379310345	64	1
768	1572.9472413793098	64	2
768	1579.7351724137932	64	8
896	1199.2293333333328	1	1
896	1141.1062068965516	1	2
896	1142.384666666667	1	8
896	1693.1193103448275	2	1
896	1617.5541379310348	2	2
896	1637.909655172414	2	8
896	1730.671379310345	3	1
896	1553.5193103448278	3	2
896	1695.0023333333334	3	8
896	1811.5413333333333	4	1
896	1597.5231034482758	4	2
896	1676.3700000000001	4	8
896	1796.9227586206898	8	1
896	1712.9468965517244	8	2
896	1722.3841379310347	8	8
896	1837.3768965517245	12	1
896	1752.5024137931032	12	2
896	1785.3089655172416	12	8
896	1837.2858620689653	16	1
896	1736.717241379311	16	2
896	1776.342413793103	16	8
896	1842.061379310345	64	1
896	1832.7446666666665	64	2
896	1817.2762068965512	64	8
1024	1219.8010344827587	1	1
1024	1149.5844827586207	1	2
1024	1172.8834482758618	1	8
1024	1721.2924137931034	2	1
1024	1604.4506896551725	2	2
1024	1661.0683333333332	2	8
1024	1725.406551724138	3	1
1024	1661.0520000000001	3	2
1024	1762.2283333333335	3	8
1024	1745.7527586206897	4	1
1024	1699.2172413793105	4	2
1024	1701.459310344828	4	8
1024	1778.8444827586204	8	1
1024	1752.286551724138	8	2
1024	1712.4258620689657	8	8
1024	1844.2806896551729	12	1
1024	1790.623333333334	12	2
1024	1832.7386666666664	12	8
1024	1851.2263333333337	16	1
1024	1759.2503448275866	16	2
1024	1763.383103448276	16	8
1024	1889.8348275862072	64	1
1024	1822.8855172413796	64	2
1024	1860.3555172413794	64	8
1152	1266.2934482758621	1	1
1152	1208.9976666666669	1	2
1152	1213.6034482758619	1	8
1152	1728.7024137931032	2	1
1152	1567.9413793103445	2	2
1152	1658.2041379310347	2	8
1152	1741.9337931034484	3	1
1152	1659.764482758621	3	2
1152	1736.3234482758621	3	8
1152	1747.2968965517239	4	1
1152	1639.8693333333333	4	2
1152	1725.8382758620692	4	8
1152	1837.1806896551725	8	1
1152	1728.687586206897	8	2
1152	1729.6189655172413	8	8
1152	1854.0265517241382	12	1
1152	1738.4834482758624	12	2
1152	1780.0734482758617	12	8
1152	1862.936	16	1
1152	1804.1356666666668	16	2
1152	1741.4634482758624	16	8
1152	1903.8982758620693	64	1
1152	1862.4968965517248	64	2
1152	1845.8766666666663	64	8
1280	1262.5703333333336	1	1
1280	1218.5889655172414	1	2
1280	1212.3962068965518	1	8
1280	1740.6782758620686	2	1
1280	1613.4331034482752	2	2
1280	1668.0058620689654	2	8
1280	1740.7030000000002	3	1
1280	1669.3209999999997	3	2
1280	1685.863103448276	3	8
1280	1716.1934482758622	4	1
1280	1751.032068965517	4	2
1280	1716.7110344827588	4	8
1280	1853.1272413793106	8	1
1280	1778.9510344827586	8	2
1280	1671.843	8	8
1280	1834.8443333333332	12	1
1280	1709.7272413793103	12	2
1280	1790.3586206896553	12	8
1280	1880.1320689655176	16	1
1280	1765.8560000000002	16	2
1280	1761.947666666667	16	8
1280	1842.1253333333332	64	1
1280	1825.4643333333331	64	2
1280	1867.8931034482755	64	8
1488	1283.8562068965518	1	1
1488	1227.3455172413794	1	2
1488	1225.1903333333335	1	8
1488	1695.7793103448278	2	1
1488	1623.3765517241377	2	2
1488	1715.178	2	8
1488	1761.375517241379	3	1
1488	1710.828275862069	3	2
1488	1691.0431034482758	3	8
1488	1751.3889655172416	4	1
1488	1656.83275862069	4	2
1488	1643.5376666666668	4	8
1488	1851.4427586206896	8	1
1488	1722.4258620689654	8	2
1488	1737.1223333333332	8	8
1488	1901.3906896551723	12	1
1488	1741.4996551724134	12	2
1488	1777.277666666667	12	8
1488	1829.3453333333337	16	1
1488	1744.5856666666668	16	2
1488	1739.5803448275863	16	8
1488	1895.1589655172413	64	1
1488	1807.128275862069	64	2
1488	1813.9596551724142	64	8
1504	1293.5931034482758	1	1
1504	1248.0406896551724	1	2
1504	1254.6955172413793	1	8
1504	1721.1503448275862	2	1
1504	1597.4272413793103	2	2
1504	1814.3099999999997	2	8
1504	1794.3744827586206	3	1
1504	1654.1234482758616	3	2
1504	1670.2558620689651	3	8
1504	1773.755862068965	4	1
1504	1727.2341379310342	4	2
1504	1675.3866666666668	4	8
1504	1813.6075862068967	8	1
1504	1716.788620689655	8	2
1504	1705.0637931034487	8	8
1504	1809.2075862068966	12	1
1504	1770.3768965517236	12	2
1504	1765.1927586206893	12	8
1504	1857.0437931034483	16	1
1504	1792.058620689655	16	2
1504	1770.568620689655	16	8
1504	1959.4896666666666	64	1
1504	1870.2217241379315	64	2
1504	1846.4386206896552	64	8
1520	1227.7941379310344	1	1
1520	1257.8336666666667	1	2
1520	1252.9517241379313	1	8
1520	1777.838	2	1
1520	1639.0124137931034	2	2
1520	1695.2468965517241	2	8
1520	1878.1753333333334	3	1
1520	1643.8565517241382	3	2
1520	1710.055517241379	3	8
1520	1768.198333333333	4	1
1520	1665.226896551724	4	2
1520	1712.4975862068966	4	8
1520	1802.1224137931033	8	1
1520	1706.868666666667	8	2
1520	1705.457333333333	8	8
1520	1799.0358620689658	12	1
1520	1713.3027586206895	12	2
1520	1800.3024137931034	12	8
1520	1862.733666666667	16	1
1520	1789.7846666666662	16	2
1520	1810.382666666667	16	8
1520	1868.0872413793106	64	1
1520	1865.884827586207	64	2
1520	1854.3617241379309	64	8
1536	1321.985	1	1
1536	1255.81	1	2
1536	1264.6699999999998	1	8
1536	1766.4120689655176	2	1
1536	1646.573448275862	2	2
1536	1661.2306896551725	2	8
1536	1814.3727586206899	3	1
1536	1713.3482758620694	3	2
1536	1737.5849999999998	3	8
1536	1682.3555172413794	4	1
1536	1696.6613793103445	4	2
1536	1802.3041379310346	4	8
1536	1857.8526666666664	8	1
1536	1703.8393333333333	8	2
1536	1760.5953333333334	8	8
1536	1882.6044827586206	12	1
1536	1827.2596666666666	12	2
1536	1764.076551724138	12	8
1536	1939.4448275862067	16	1
1536	1765.9346666666668	16	2
1536	1780.291034482759	16	8
1536	1873.8672413793101	64	1
1536	1802.4953333333328	64	2
1536	1964.421724137931	64	8
1552	1304.0972413793104	1	1
1552	1266.6372413793108	1	2
1552	1251.4462068965518	1	8
1552	1723.416	2	1
1552	1660.2566666666667	2	2
1552	1696.4241379310347	2	8
1552	1796.1948275862067	3	1
1552	1698.578333333334	3	2
1552	1736.5751724137933	3	8
1552	1828.6372413793104	4	1
1552	1685.6541379310345	4	2
1552	1761.7231034482757	4	8
1552	1843.914827586207	8	1
1552	1772.2834482758622	8	2
1552	1728.9886206896551	8	8
1552	1836.064827586207	12	1
1552	1771.7244827586208	12	2
1552	1800.6993103448274	12	8
1552	1859.983	16	1
1552	1761.7269999999996	16	2
1552	1797.9162068965516	16	8
1552	1872.5755172413792	64	1
1552	1895.4793103448276	64	2
1552	1872.858620689655	64	8
1568	1314.5510344827585	1	1
1568	1257.4160000000004	1	2
1568	1272.901	1	8
1568	1730.36	2	1
1568	1698.1044827586209	2	2
1568	1699.9496551724137	2	8
1568	1795.0699999999997	3	1
1568	1772.7244827586208	3	2
1568	1769.0444827586207	3	8
1568	1784.464827586207	4	1
1568	1728.4458620689659	4	2
1568	1738.5149999999996	4	8
1568	1810.2189655172413	8	1
1568	1779.2459999999999	8	2
1568	1765.2258620689652	8	8
1568	1893.4043333333334	12	1
1568	1742.9665517241378	12	2
1568	1735.1882758620686	12	8
1568	1829.6706666666666	16	1
1568	1758.1363333333331	16	2
1568	1796.3434482758619	16	8
1568	1884.034	64	1
1568	1830.1651724137926	64	2
1568	1876.2365517241383	64	8
1584	1306.2572413793102	1	1
1584	1282.9840000000002	1	2
1584	1299.595666666667	1	8
1584	1793.4868965517248	2	1
1584	1645.240689655172	2	2
1584	1748.157931034483	2	8
1584	1792.8382758620685	3	1
1584	1710.4176666666667	3	2
1584	1760.5672413793104	3	8
1584	1771.5324137931038	4	1
1584	1657.9144827586206	4	2
1584	1705.6582758620693	4	8
1584	1802.7723333333336	8	1
1584	1778.1924137931028	8	2
1584	1834.0686206896553	8	8
1584	1861.2586206896556	12	1
1584	1762.9644827586208	12	2
1584	1805.449	12	8
1584	1894.7599999999998	16	1
1584	1782.1265517241382	16	2
1584	1775.721	16	8
1584	1918.801333333333	64	1
1584	1841.6499999999999	64	2
1584	1920.6241379310347	64	8
1600	1350.3933333333334	1	1
1600	1262.2675862068963	1	2
1600	1289.9686206896552	1	8
1600	1796.2823333333336	2	1
1600	1667.3879310344828	2	2
1600	1753.9086206896552	2	8
1600	1796.5086666666664	3	1
1600	1698.4517241379313	3	2
1600	1718.695	3	8
1600	1766.1620689655172	4	1
1600	1734.6646666666663	4	2
1600	1724.8380000000002	4	8
1600	1853.1731034482757	8	1
1600	1758.5058620689656	8	2
1600	1730.2203448275861	8	8
1600	1916.1693103448276	12	1
1600	1804.3483333333338	12	2
1600	1847.5934482758619	12	8
1600	1926.828620689655	16	1
1600	1890.1044827586206	16	2
1600	1863.5162068965512	16	8
1600	1899.838965517241	64	1
1600	1977.145862068966	64	2
1600	1840.0493103448275	64	8
1616	1347.268965517241	1	1
1616	1291.1766666666663	1	2
1616	1288.4634482758622	1	8
1616	1765.975172413793	2	1
1616	1692.965517241379	2	2
1616	1782.889655172414	2	8
1616	1799.1941379310344	3	1
1616	1748.693448275862	3	2
1616	1750.6889655172413	3	8
1616	1825.6980000000003	4	1
1616	1689.5468965517243	4	2
1616	1738.9679310344825	4	8
1616	1827.8462068965512	8	1
1616	1817.6556666666663	8	2
1616	1785.468275862069	8	8
1616	1848.2337931034488	12	1
1616	1760.6831034482755	12	2
1616	1790.535172413793	12	8
1616	1898.6541379310343	16	1
1616	1782.5168965517244	16	2
1616	1809.74	16	8
1616	1875.9849999999994	64	1
1616	1857.5496666666668	64	2
1616	1866.1339999999998	64	8
1632	1351.3543333333334	1	1
1632	1296.99	1	2
1632	1311.5917241379311	1	8
1632	1766.913793103448	2	1
1632	1797.8306896551726	2	2
1632	1794.9455172413793	2	8
1632	1837.6024137931038	3	1
1632	1762.7141379310344	3	2
1632	1736.809655172414	3	8
1632	1788.4159999999997	4	1
1632	1693.1965517241379	4	2
1632	1738.288620689655	4	8
1632	1788.5489655172419	8	1
1632	1751.603103448276	8	2
1632	1773.942413793104	8	8
1632	1866.0744827586207	12	1
1632	1900.6140000000003	12	2
1632	1828.1272413793104	12	8
1632	1935.8324137931036	16	1
1632	1814.2540000000001	16	2
1632	1847.573448275862	16	8
1632	1897.1568965517245	64	1
1632	2001.1193103448284	64	2
1632	1840.1399999999996	64	8
1648	1358.710333333333	1	1
1648	1302.8966666666665	1	2
1648	1304.1949999999997	1	8
1648	1787.3680000000002	2	1
1648	1655.6810000000003	2	2
1648	1765.3110344827587	2	8
1648	1907.93724137931	3	1
1648	1726.9623333333332	3	2
1648	1760.8824137931035	3	8
1648	1824.333793103448	4	1
1648	1709.2775862068972	4	2
1648	1732.5043333333333	4	8
1648	1913.8755172413794	8	1
1648	1751.0086666666668	8	2
1648	1882.0796551724134	8	8
1648	1885.4551724137932	12	1
1648	1820.4063333333331	12	2
1648	1868.4003333333328	12	8
1648	1873.3096666666668	16	1
1648	1869.859310344828	16	2
1648	1826.7293103448278	16	8
1648	1885.2534482758617	64	1
1648	1865.5634482758621	64	2
1648	1929.5458620689656	64	8
1664	1358.863103448276	1	1
1664	1317.4986206896554	1	2
1664	1312.7534482758622	1	8
1664	1780.1013333333333	2	1
1664	1777.5234482758615	2	2
1664	1730.1162068965518	2	8
1664	1838.7959999999998	3	1
1664	1709.171333333333	3	2
1664	1829.0075862068966	3	8
1664	1862.9037931034477	4	1
1664	1723.1444827586208	4	2
1664	1746.2399999999996	4	8
1664	1851.485	8	1
1664	1772.366896551724	8	2
1664	1842.1426666666664	8	8
1664	1896.8762068965516	12	1
1664	1857.7623333333331	12	2
1664	1880.9353333333331	12	8
1664	1893.8139999999996	16	1
1664	1801.718275862069	16	2
1664	1847.3368965517243	16	8
1664	1941.2568965517241	64	1
1664	1905.2472413793107	64	2
1664	1944.9858620689656	64	8
1680	1349.3156666666666	1	1
1680	1291.5520689655175	1	2
1680	1298.2066666666667	1	8
1680	1738.3403448275863	2	1
1680	1707.8850000000004	2	2
1680	1716.3406896551724	2	8
1680	1783.8350000000003	3	1
1680	1712.2993103448277	3	2
1680	1768.9903448275857	3	8
1680	1740.828620689655	4	1
1680	1726.4229999999998	4	2
1680	1696.1424137931033	4	8
1680	1835.3433333333335	8	1
1680	1783.3520689655172	8	2
1680	1795.8606896551723	8	8
1680	1957.325	12	1
1680	1826.4544827586205	12	2
1680	1800.6765517241379	12	8
1680	1955.3737931034484	16	1
1680	1764.4826666666665	16	2
1680	1872.2379999999998	16	8
1680	1876.294666666667	64	1
1680	1868.6420689655167	64	2
1680	1867.3680000000002	64	8
1696	1325.3193103448275	1	1
1696	1295.3320689655175	1	2
1696	1317.33724137931	1	8
1696	1815.0848275862074	2	1
1696	1702.7603448275866	2	2
1696	1790.284827586207	2	8
1696	1923.3962068965518	3	1
1696	1698.6503448275862	3	2
1696	1768.0596551724138	3	8
1696	1795.677666666667	4	1
1696	1748.4658620689656	4	2
1696	1850.838333333333	4	8
1696	1870.6555172413798	8	1
1696	1808.3179310344826	8	2
1696	1769.8013793103446	8	8
1696	1851.7479310344822	12	1
1696	1855.5656666666669	12	2
1696	1880.774333333334	12	8
1696	1865.1049999999998	16	1
1696	1911.9986206896547	16	2
1696	1834.306	16	8
1696	1931.9720689655173	64	1
1696	1960.0386206896553	64	2
1696	1901.8119999999997	64	8
1712	1297.7143333333333	1	1
1712	1284.9906896551724	1	2
1712	1324.761379310345	1	8
1712	1883.3320689655175	2	1
1712	1681.5593103448277	2	2
1712	1694.5779310344826	2	8
1712	1920.6051724137926	3	1
1712	1733.2541379310344	3	2
1712	1809.6244827586204	3	8
1712	1803.8913793103443	4	1
1712	1709.865517241379	4	2
1712	1717.348275862069	4	8
1712	1838.8320689655175	8	1
1712	1756.510689655172	8	2
1712	1766.1340000000002	8	8
1712	1839.9262068965513	12	1
1712	1837.818	12	2
1712	1856.5670000000002	12	8
1712	1916.4313793103447	16	1
1712	1870.297	16	2
1712	1818.018275862069	16	8
1712	1969.806896551724	64	1
1712	1813.5024137931036	64	2
1712	1935.2386666666666	64	8
1728	1289.9617241379312	1	1
1728	1333.2710000000004	1	2
1728	1324.5051724137934	1	8
1728	1754.8853333333334	2	1
1728	1706.218275862069	2	2
1728	1802.6080000000002	2	8
1728	1798.5248275862066	3	1
1728	1810.779	3	2
1728	1757.8958620689657	3	8
1728	1796.904666666667	4	1
1728	1695.172413793103	4	2
1728	1796.1783333333335	4	8
1728	1843.353666666666	8	1
1728	1784.5375862068968	8	2
1728	1797.186666666666	8	8
1728	1928.7866666666666	12	1
1728	1812.658965517241	12	2
1728	1812.1865517241379	12	8
1728	1945.6460000000002	16	1
1728	1872.8450000000003	16	2
1728	1856.5389655172416	16	8
1728	1961.934137931035	64	1
1728	1930.968	64	2
1728	1908.9917241379317	64	8
1744	1372.1686206896554	1	1
1744	1320.2933333333333	1	2
1744	1322.1127586206899	1	8
1744	1774.4268965517238	2	1
1744	1773.7879999999998	2	2
1744	1725.3496666666665	2	8
1744	1845.2270000000003	3	1
1744	1757.9979310344822	3	2
1744	1807.7023333333332	3	8
1744	1780.4136666666668	4	1
1744	1859.4634482758622	4	2
1744	1753.963448275862	4	8
1744	1976.3649999999996	8	1
1744	1787.2275862068966	8	2
1744	1836.1320689655176	8	8
1744	1922.6376666666667	12	1
1744	1775.6524137931033	12	2
1744	1812.591379310345	12	8
1744	1914.4313333333332	16	1
1744	1808.451034482759	16	2
1744	1809.8393103448275	16	8
1744	1918.478275862069	64	1
1744	1925.0013793103446	64	2
1744	1950.6258620689655	64	8
1760	1306.677931034483	1	1
1760	1274.6124137931038	1	2
1760	1273.1726666666668	1	8
1760	1744.996206896552	2	1
1760	1622.7503448275863	2	2
1760	1646.7572413793105	2	8
1760	1713.48724137931	3	1
1760	1694.6865517241383	3	2
1760	1771.213103448276	3	8
1760	1702.4834482758617	4	1
1760	1766.9527586206893	4	2
1760	1665.4955172413786	4	8
1760	1861.743333333333	8	1
1760	1720.7262068965515	8	2
1760	1750.396551724138	8	8
1760	1886.0313793103453	12	1
1760	1765.7380000000003	12	2
1760	1771.5189655172414	12	8
1760	1932.2517241379317	16	1
1760	1746.4865517241374	16	2
1760	1772.9948275862068	16	8
1760	1900.5341379310344	64	1
1760	1818.7406896551724	64	2
1760	1846.5889655172411	64	8
1776	1312.2033333333336	1	1
1776	1287.3317241379314	1	2
1776	1262.8876666666667	1	8
1776	1698.286206896552	2	1
1776	1576.1148275862072	2	2
1776	1815.1493333333335	2	8
1776	1918.943448275862	3	1
1776	1640.2839999999999	3	2
1776	1725.6372413793101	3	8
1776	1863.4341379310347	4	1
1776	1702.985862068965	4	2
1776	1724.8350000000003	4	8
1776	1895.538275862069	8	1
1776	1747.9417241379308	8	2
1776	1687.4789655172417	8	8
1776	1862.063333333333	12	1
1776	1737.5806666666672	12	2
1776	1795.8753333333336	12	8
1776	1872.7876666666666	16	1
1776	1722.4923333333331	16	2
1776	1760.2499999999998	16	8
1776	1875.516551724138	64	1
1776	1826.4148275862071	64	2
1776	1863.8437931034482	64	8
1792	1292.8760000000002	1	1
1792	1276.7544827586212	1	2
1792	1266.5740000000005	1	8
1792	1728.88	2	1
1792	1630.4268965517238	2	2
1792	1674.1016666666667	2	8
1792	1776.770344827586	3	1
1792	1679.153793103448	3	2
1792	1733.7196666666666	3	8
1792	1826.5606896551722	4	1
1792	1666.7451724137934	4	2
1792	1664.2583333333334	4	8
1792	1774.7173333333335	8	1
1792	1769.554482758621	8	2
1792	1812.031724137931	8	8
1792	1770.3779310344828	12	1
1792	1770.4823333333331	12	2
1792	1805.5082758620692	12	8
1792	1819.6148275862072	16	1
1792	1857.943448275862	16	2
1792	1764.8896551724135	16	8
1792	1875.4293103448276	64	1
1792	1786.0465517241375	64	2
1792	1859.469666666667	64	8
1808	1325.7879310344827	1	1
1808	1280.9486666666667	1	2
1808	1259.6706896551725	1	8
1808	1773.2248275862073	2	1
1808	1659.3796551724135	2	2
1808	1754.3458620689653	2	8
1808	1740.483448275862	3	1
1808	1773.6510344827582	3	2
1808	1728.2041379310342	3	8
1808	1739.2158620689654	4	1
1808	1690.2831034482758	4	2
1808	1702.2124137931037	4	8
1808	1801.4933333333329	8	1
1808	1803.2237931034483	8	2
1808	1836.0743333333335	8	8
1808	1876.265172413793	12	1
1808	1744.2741379310348	12	2
1808	1785.7268965517242	12	8
1808	1841.4639999999997	16	1
1808	1816.3134482758621	16	2
1808	1780.5758620689653	16	8
1808	1952.9951724137932	64	1
1808	1841.9037931034482	64	2
1808	1896.9982758620697	64	8
1824	1296.636896551724	1	1
1824	1264.1310344827589	1	2
1824	1286.4513333333334	1	8
1824	1727.9234482758623	2	1
1824	1760.2409999999998	2	2
1824	1921.9282758620689	2	8
1824	1802.4006896551723	3	1
1824	1732.9075862068964	3	2
1824	1712.235172413793	3	8
1824	1798.4975862068966	4	1
1824	1772.9556666666663	4	2
1824	1736.194	4	8
1824	1786.9289655172415	8	1
1824	1803.0017241379312	8	2
1824	1790.2400000000002	8	8
1824	1910.2589655172417	12	1
1824	1777.029333333333	12	2
1824	1812.1803333333335	12	8
1824	1880.8375862068967	16	1
1824	1851.0213793103446	16	2
1824	1758.164	16	8
1824	1841.7041379310347	64	1
1824	1883.6393103448274	64	2
1824	1876.2323333333331	64	8
1840	1325.7520689655173	1	1
1840	1252.5140000000001	1	2
1840	1277.5069999999998	1	8
1840	1766.9496551724137	2	1
1840	1768.6286666666667	2	2
1840	1736.4606896551725	2	8
1840	1897.95724137931	3	1
1840	1687.6970000000001	3	2
1840	1767.3786666666667	3	8
1840	1751.2289655172417	4	1
1840	1701.0603448275865	4	2
1840	1756.93	4	8
1840	1838.5744827586202	8	1
1840	1786.0283333333334	8	2
1840	1860.0589655172412	8	8
1840	1842.1253333333336	12	1
1840	1790.8966666666663	12	2
1840	1789.9106896551723	12	8
1840	1889.5803448275863	16	1
1840	1878.2766666666664	16	2
1840	1773.8363333333334	16	8
1840	2075.180344827586	64	1
1840	1835.5689655172412	64	2
1840	1869.556551724138	64	8
1856	1318.1499999999999	1	1
1856	1289.282068965517	1	2
1856	1289.5531034482756	1	8
1856	1788.9650000000001	2	1
1856	1661.403793103448	2	2
1856	1703.0789655172416	2	8
1856	1831.0331034482758	3	1
1856	1660.7246666666665	3	2
1856	1702.2448275862068	3	8
1856	1818.2337931034483	4	1
1856	1718.5096551724134	4	2
1856	1735.0668965517245	4	8
1856	1869.93	8	1
1856	1723.5596551724136	8	2
1856	1858.1406896551728	8	8
1856	1933.7034482758618	12	1
1856	1799.414827586207	12	2
1856	1789.046206896552	12	8
1856	1979.0482758620692	16	1
1856	1843.9565517241374	16	2
1856	1773.5436666666662	16	8
1856	1900.863448275862	64	1
1856	1846.4475862068969	64	2
1856	1878.6506896551725	64	8
1872	1317.4534482758622	1	1
1872	1281.046896551724	1	2
1872	1305.1831034482757	1	8
1872	1725.9155172413796	2	1
1872	1640.3643333333334	2	2
1872	1785.1163333333338	2	8
1872	1781.6810344827584	3	1
1872	1683.8456666666668	3	2
1872	1771.4313333333337	3	8
1872	1799.7755172413792	4	1
1872	1652.8313793103448	4	2
1872	1881.3348275862068	4	8
1872	1822.8509999999999	8	1
1872	1690.5810344827585	8	2
1872	1745.9286206896554	8	8
1872	1862.8675862068967	12	1
1872	1824.747333333333	12	2
1872	1836.8486206896546	12	8
1872	1855.6993103448276	16	1
1872	1867.753793103448	16	2
1872	1818.9365517241383	16	8
1872	1903.0313793103444	64	1
1872	1897.2448275862068	64	2
1872	1880.493448275862	64	8
1888	1348.9276666666667	1	1
1888	1288.1482758620689	1	2
1888	1299.194482758621	1	8
1888	1775.7100000000005	2	1
1888	1717.9279310344825	2	2
1888	1760.9010344827586	2	8
1888	1815.8610344827584	3	1
1888	1753.8290000000002	3	2
1888	1811.515517241379	3	8
1888	1790.6110344827584	4	1
1888	1769.7386206896551	4	2
1888	1798.9227586206898	4	8
1888	1822.313793103448	8	1
1888	1804.3386206896555	8	2
1888	1790.4634482758622	8	8
1888	1849.626	12	1
1888	1772.4786206896556	12	2
1888	1757.7293103448278	12	8
1888	1842.4682758620688	16	1
1888	1794.6055172413792	16	2
1888	1835.696	16	8
1888	1867.4841379310344	64	1
1888	1846.436896551724	64	2
1888	1961.9137931034486	64	8
1904	1342.75275862069	1	1
1904	1327.0534482758617	1	2
1904	1316.531	1	8
1904	1829.6724137931037	2	1
1904	1706.8366666666666	2	2
1904	1917.0351724137931	2	8
1904	1775.135172413793	3	1
1904	1764.1389655172413	3	2
1904	1764.0644827586204	3	8
1904	1921.065862068966	4	1
1904	1728.6336666666662	4	2
1904	1740.4423333333334	4	8
1904	1923.7373333333335	8	1
1904	1760.8058620689653	8	2
1904	1811.4020000000005	8	8
1904	1904.563448275862	12	1
1904	1802.7966666666669	12	2
1904	1795.757931034483	12	8
1904	1918.8241379310343	16	1
1904	1876.9726666666672	16	2
1904	1806.7972413793102	16	8
1904	1968.4126666666666	64	1
1904	1869.8060000000005	64	2
1904	1892.7782758620692	64	8
1920	1342.5013333333332	1	1
1920	1278.645862068966	1	2
1920	1325.2083333333333	1	8
1920	1783.654	2	1
1920	1733.486206896552	2	2
1920	1752.6962068965513	2	8
1920	1761.3139999999996	3	1
1920	1705.8600000000006	3	2
1920	1770.4569999999999	3	8
1920	1731.9644827586205	4	1
1920	1755.1000000000001	4	2
1920	1815.0493103448277	4	8
1920	1820.3770000000002	8	1
1920	1829.0931034482762	8	2
1920	1801.016206896552	8	8
1920	1941.5424137931036	12	1
1920	1798.980689655172	12	2
1920	1780.8341379310339	12	8
1920	1866.9941379310344	16	1
1920	1845.5870000000002	16	2
1920	1841.109655172414	16	8
1920	1892.6900000000007	64	1
1920	1892.3744827586206	64	2
1920	1876.118	64	8
1936	1295.6853333333336	1	1
1936	1294.5383333333332	1	2
1936	1300.1989655172413	1	8
1936	1848.5156666666664	2	1
1936	1726.6233333333334	2	2
1936	1714.095172413793	2	8
1936	1829.5572413793107	3	1
1936	1794.7582758620692	3	2
1936	1818.583448275862	3	8
1936	1755.5693103448277	4	1
1936	1784.1920689655171	4	2
1936	1770.8072413793104	4	8
1936	1836.0006896551727	8	1
1936	1758.955333333333	8	2
1936	1749.3858620689657	8	8
1936	1850.2655172413793	12	1
1936	1786.276896551724	12	2
1936	1817.1331034482762	12	8
1936	1860.4900000000002	16	1
1936	1880.5810000000004	16	2
1936	1849.898965517241	16	8
1936	1920.8830000000005	64	1
1936	1907.6276666666665	64	2
1936	1900.7766666666669	64	8
1952	1361.4458620689654	1	1
1952	1309.1193103448275	1	2
1952	1320.735333333333	1	8
1952	1801.4448275862069	2	1
1952	1653.031	2	2
1952	1799.7386666666666	2	8
1952	1804.736896551724	3	1
1952	1731.863448275862	3	2
1952	1747.3724137931033	3	8
1952	1728.643333333333	4	1
1952	1727.6741379310347	4	2
1952	1747.5569999999998	4	8
1952	1812.9337931034484	8	1
1952	1813.4113333333332	8	2
1952	1777.82724137931	8	8
1952	1901.2265517241378	12	1
1952	1771.3389655172411	12	2
1952	1987.6943333333331	12	8
1952	1876.7540000000001	16	1
1952	1845.6065517241382	16	2
1952	1767.8910344827584	16	8
1952	1874.265172413793	64	1
1952	1946.316206896552	64	2
1952	1867.5679310344829	64	8
1968	1367.8526666666667	1	1
1968	1302.4355172413793	1	2
1968	1319.9379310344827	1	8
1968	1836.3051724137933	2	1
1968	1702.139333333333	2	2
1968	1752.2076666666674	2	8
1968	1890.974482758621	3	1
1968	1802.3176666666666	3	2
1968	1814.2041379310344	3	8
1968	1824.4999999999998	4	1
1968	1738.0596551724136	4	2
1968	1743.874482758621	4	8
1968	1897.8531034482755	8	1
1968	1821.875172413793	8	2
1968	1767.1744827586208	8	8
1968	1888.6113793103448	12	1
1968	1806.4548275862069	12	2
1968	1895.7965517241382	12	8
1968	1906.9975862068964	16	1
1968	1803.7155172413793	16	2
1968	1911.1329999999996	16	8
1968	1935.5034482758622	64	1
1968	1850.8046666666664	64	2
1968	1962.7517241379312	64	8
1984	1346.4337931034481	1	1
1984	1314.0379310344827	1	2
1984	1322.4273333333329	1	8
1984	1777.9324137931037	2	1
1984	1735.6560000000002	2	2
1984	1754.4523333333332	2	8
1984	1808.5479310344826	3	1
1984	1710.6955172413793	3	2
1984	1805.2627586206895	3	8
1984	1818.6162068965518	4	1
1984	1736.7396551724137	4	2
1984	1755.2086206896556	4	8
1984	1939.8710344827587	8	1
1984	1778.4786666666666	8	2
1984	1784.1279310344833	8	8
1984	1914.5572413793097	12	1
1984	1888.6513793103445	12	2
1984	1806.9434482758618	12	8
1984	1863.5641379310343	16	1
1984	1792.2272413793105	16	2
1984	1815.1986666666667	16	8
1984	1929.5141379310344	64	1
1984	1930.9010344827586	64	2
1984	1883.788620689655	64	8
2048	1368.725333333333	1	1
2048	1353.6646666666668	1	2
2048	1338.408333333333	1	8
2048	1749.8010344827583	2	1
2048	1733.9119999999998	2	2
2048	1742.5668965517243	2	8
2048	1807.168	3	1
2048	1777.0566666666664	3	2
2048	1789.9951724137934	3	8
2048	1880.4875862068964	4	1
2048	1758.6544827586208	4	2
2048	1698.4553333333338	4	8
2048	1838.8899999999996	8	1
2048	1737.6310344827584	8	2
2048	1858.6810344827588	8	8
2048	1909.661	12	1
2048	1856.226206896552	12	2
2048	1886.0989999999997	12	8
2048	1880.0883333333331	16	1
2048	1788.7417241379312	16	2
2048	2058.3003448275863	16	8
2048	1936.1517241379308	64	1
2048	1998.3700000000001	64	2
2048	1929.0860000000002	64	8
2560	1349.0731034482758	1	1
2560	1372.1172413793104	1	2
2560	1383.7858620689656	1	8
2560	1809.7300000000002	2	1
2560	1702.6551724137933	2	2
2560	1755.6182758620691	2	8
2560	1793.0779310344828	3	1
2560	1787.9713793103447	3	2
2560	1827.3606896551719	3	8
2560	1824.2913793103444	4	1
2560	1849.941	4	2
2560	1782.6231034482757	4	8
2560	1851.1896551724135	8	1
2560	1964.968333333333	8	2
2560	1840.983448275862	8	8
2560	1910.3526666666664	12	1
2560	1873.4820689655173	12	2
2560	1929.1327586206896	12	8
2560	1959.4133333333334	16	1
2560	1839.2255172413797	16	2
2560	1858.3551724137928	16	8
2560	2000.955862068966	64	1
2560	2051.2024137931035	64	2
2560	1912.5848275862065	64	8
3072	1378.6793103448276	1	1
3072	1355.528275862069	1	2
3072	1323.9989655172412	1	8
3072	1774.491379310345	2	1
3072	1689.46	2	2
3072	1795.7493103448273	2	8
3072	1761.0006896551727	3	1
3072	1773.1865517241379	3	2
3072	1802.535517241379	3	8
3072	1780.5982758620685	4	1
3072	1739.8334482758617	4	2
3072	1793.3358620689658	4	8
3072	1884.585172413793	8	1
3072	1884.7879310344824	8	2
3072	1843.1572413793103	8	8
3072	2018.5634482758617	12	1
3072	1860.8444827586206	12	2
3072	1948.5255172413795	12	8
3072	1870.6926666666666	16	1
3072	1969.1458620689655	16	2
3072	1851.8362068965514	16	8
3072	1909.3413793103448	64	1
3072	1878.8746666666664	64	2
3072	1859.5348275862073	64	8
3584	1464.1713333333332	1	1
3584	1402.3065517241382	1	2
3584	1461.7631034482758	1	8
3584	1867.0290000000002	2	1
3584	1846.288620689655	2	2
3584	1795.2282758620688	2	8
3584	1816.051379310345	3	1
3584	1824.1710344827588	3	2
3584	1892.6734482758627	3	8
3584	1851.3524137931036	4	1
3584	1775.8824137931035	4	2
3584	1811.4306666666669	4	8
3584	1913.553793103449	8	1
3584	1889.7020000000002	8	2
3584	1824.5482758620692	8	8
3584	1968.6148275862067	12	1
3584	1954.871724137931	12	2
3584	1882.9326666666666	12	8
3584	1946.2379310344825	16	1
3584	1891.1844827586206	16	2
3584	1923.3420689655172	16	8
3584	2000.3741379310345	64	1
3584	1921.0237931034483	64	2
3584	2053.4513793103442	64	8
4096	1507.979333333333	1	1
4096	1484.0606896551722	1	2
4096	1519.5013793103449	1	8
4096	1900.9524137931032	2	1
4096	1811.0268965517241	2	2
4096	1928.4446666666663	2	8
4096	1834.252068965517	3	1
4096	1886.1723333333332	3	2
4096	1938.806896551724	3	8
4096	1983.9510000000002	4	1
4096	1841.2755172413797	4	2
4096	1865.1951724137932	4	8
4096	1971.9689999999998	8	1
4096	1900.8036666666665	8	2
4096	1914.9723333333334	8	8
4096	2000.0272413793102	12	1
4096	1948.5900000000001	12	2
4096	2097.3296551724134	12	8
4096	2004.7156666666665	16	1
4096	1958.0172413793102	16	2
4096	1992.8558620689655	16	8
4096	2143.5599999999995	64	1
4096	2018.798965517241	64	2
4096	2039.1327586206894	64	8
4608	1416.2006896551723	1	1
4608	1394.1024137931033	1	2
4608	1401.431379310345	1	8
4608	1861.0775862068967	2	1
4608	1798.7334482758622	2	2
4608	1823.53275862069	2	8
4608	1783.462	3	1
4608	1888.7823333333333	3	2
4608	1829.9183333333337	3	8
4608	1813.9066666666668	4	1
4608	1762.071666666667	4	2
4608	1801.5675862068967	4	8
4608	1857.1700000000003	8	1
4608	1813.656	8	2
4608	1839.9479310344827	8	8
4608	1888.9446666666668	12	1
4608	1861.5610344827585	12	2
4608	1855.4306896551723	12	8
4608	1904.6910344827586	16	1
4608	1835.3665517241384	16	2
4608	1899.3048275862068	16	8
4608	1945.196	64	1
4608	1937.0637931034482	64	2
4608	1904.9393103448278	64	8
5120	1489.7776666666664	1	1
5120	1439.0744827586207	1	2
5120	1487.2999999999997	1	8
5120	1872.1758620689654	2	1
5120	1789.5130000000001	2	2
5120	1865.9653333333335	2	8
5120	1912.8620689655172	3	1
5120	1920.0156666666664	3	2
5120	1914.4665517241378	3	8
5120	1810.524	4	1
5120	1813.968965517241	4	2
5120	1871.1503448275864	4	8
5120	1960.2726666666667	8	1
5120	1894.4146666666668	8	2
5120	1941.4036666666664	8	8
5120	1981.8646666666666	12	1
5120	1991.2358620689654	12	2
5120	1904.462413793103	12	8
5120	1944.308620689655	16	1
5120	2043.6136666666666	16	2
5120	2038.6999999999998	16	8
5120	2027.9996551724141	64	1
5120	1941.899655172414	64	2
5120	2018.7433333333329	64	8
5632	1406.5289655172414	1	1
5632	1474.0351724137931	1	2
5632	1530.606333333333	1	8
5632	1954.3165517241378	2	1
5632	1885.6468965517242	2	2
5632	1892.87	2	8
5632	1929.29	3	1
5632	1893.4686206896552	3	2
5632	1907.8663333333336	3	8
5632	1910.7503448275866	4	1
5632	1917.6723333333334	4	2
5632	1933.6510344827582	4	8
5632	1976.371034482759	8	1
5632	1932.5796551724145	8	2
5632	1996.702413793103	8	8
5632	2061.5975862068963	12	1
5632	1974.0869999999998	12	2
5632	1937.071333333333	12	8
5632	1994.4593103448278	16	1
5632	2005.6106896551723	16	2
5632	1970.3075862068965	16	8
5632	2085.011379310344	64	1
5632	2003.2503333333339	64	2
5632	1983.5713793103448	64	8
6144	1562.9875862068964	1	1
6144	1496.6848275862067	1	2
6144	1552.238275862069	1	8
6144	1932.3731034482764	2	1
6144	1845.1851724137932	2	2
6144	2007.360344827586	2	8
6144	1954.4669999999999	3	1
6144	1926.2972413793107	3	2
6144	1949.2786206896553	3	8
6144	1889.662666666667	4	1
6144	2033.2227586206893	4	2
6144	1913.6943333333331	4	8
6144	2039.7233333333336	8	1
6144	1959.9223333333337	8	2
6144	2031.0717241379311	8	8
6144	2074.1772413793105	12	1
6144	2085.008965517241	12	2
6144	1955.4765517241378	12	8
6144	2105.1006896551726	16	1
6144	2005.0826666666667	16	2
6144	2019.8331034482758	16	8
6144	2015.3026666666667	64	1
6144	2038.715333333333	64	2
6144	1995.601724137931	64	8
6656	1518.768965517241	1	1
6656	1574.2079310344825	1	2
6656	1554.8148275862065	1	8
6656	1927.5343333333333	2	1
6656	1854.7762068965515	2	2
6656	1993.9443333333331	2	8
6656	1916.674482758621	3	1
6656	2008.009333333333	3	2
6656	1945.1151724137928	3	8
6656	1914.81	4	1
6656	1976.5576666666666	4	2
6656	1884.9441379310347	4	8
6656	2017.7558620689654	8	1
6656	1988.7272413793103	8	2
6656	1940.6155172413787	8	8
6656	2028.9168965517247	12	1
6656	2023.8499999999995	12	2
6656	2059.8827586206903	12	8
6656	2067.3346666666666	16	1
6656	2068.571034482758	16	2
6656	1982.513793103448	16	8
6656	2013.147	64	1
6656	2126.608965517241	64	2
6656	2025.6779310344825	64	8
7168	1625.7531034482754	1	1
7168	1571.125	1	2
7168	1650.8906896551725	1	8
7168	1982.995517241379	2	1
7168	1882.7839999999999	2	2
7168	2005.8333333333333	2	8
7168	1988.6972413793098	3	1
7168	1989.2262068965517	3	2
7168	2031.4282758620698	3	8
7168	2000.3463333333339	4	1
7168	1924.7686666666666	4	2
7168	1975.8182758620692	4	8
7168	2116.6386206896555	8	1
7168	2039.1376666666665	8	2
7168	2023.4917241379314	8	8
7168	2082.6186206896555	12	1
7168	2012.5675862068967	12	2
7168	2087.9644827586203	12	8
7168	2069.9979310344825	16	1
7168	2025.5223333333329	16	2
7168	2093.8444827586213	16	8
7168	2102.2453333333333	64	1
7168	2021.3868965517242	64	2
7168	2135.64	64	8
7680	1658.4517241379313	1	1
7680	1634.7716666666665	1	2
7680	1671.1486666666665	1	8
7680	2004.6110000000003	2	1
7680	1856.7313333333332	2	2
7680	2094.1962068965518	2	8
7680	1984.0486206896549	3	1
7680	1971.1237931034484	3	2
7680	2076.2444827586205	3	8
7680	2038.948620689655	4	1
7680	1955.6475862068964	4	2
7680	1991.6046666666668	4	8
7680	2056.1906896551723	8	1
7680	2110.0733333333333	8	2
7680	2027.2182758620686	8	8
7680	2101.5513793103446	12	1
7680	2100.606206896551	12	2
7680	2073.6817241379313	12	8
7680	2075.876333333333	16	1
7680	2131.676896551724	16	2
7680	2053.182	16	8
7680	2072.671724137931	64	1
7680	2130.0696666666663	64	2
7680	2087.5417241379314	64	8
8192	1550.5137931034485	1	1
8192	1640.3279310344826	1	2
8192	1673.9140000000002	1	8
8192	1988.9323333333334	2	1
8192	1949.7648275862068	2	2
8192	2064.3403448275863	2	8
8192	1994.4773333333333	3	1
8192	1987.926206896552	3	2
8192	2032.5624137931034	3	8
8192	2068.108	4	1
8192	2017.668620689655	4	2
8192	2063.4016666666666	4	8
8192	2032.519333333333	8	1
8192	2014.0686666666663	8	2
8192	2076.7146666666667	8	8
8192	2087.273103448276	12	1
8192	2044.4041379310343	12	2
8192	2100.3534482758614	12	8
8192	2104.3431034482755	16	1
8192	2006.4365517241383	16	2
8192	2137.6775862068976	16	8
8192	2093.260344827587	64	1
8192	2067.3520689655174	64	2
8192	2221.037666666666	64	8
8704	1710.5124137931036	1	1
8704	1678.059	1	2
8704	1641.2589655172412	1	8
8704	1971.5393103448275	2	1
8704	2008.8917241379309	2	2
8704	2063.8439999999996	2	8
8704	2007.3519999999999	3	1
8704	2014.2234482758627	3	2
8704	2090.1541379310343	3	8
8704	2100.239333333333	4	1
8704	2022.1465517241381	4	2
8704	2095.9413793103445	4	8
8704	2150.208620689655	8	1
8704	2119.6165517241375	8	2
8704	2159.19724137931	8	8
8704	2078.286666666666	12	1
8704	2105.9956666666667	12	2
8704	2113.3568965517247	12	8
8704	2105.6127586206894	16	1
8704	2126.597931034483	16	2
8704	2122.769310344828	16	8
8704	2157.9155172413793	64	1
8704	2092.36724137931	64	2
8704	2069.2613793103446	64	8
9216	1421.9837931034488	1	1
9216	1340.9	1	2
9216	1430.1624137931037	1	8
9216	1827.6327586206896	2	1
9216	1800.3524137931036	2	2
9216	1790.9031034482757	2	8
9216	